# UV Index Data (TEMIS forecast & RIVM historical)
# Data processed for De Bilt coordinates
# Format: YYYYMMDD hhmm  T.dec   UVI InstCode
# T.dec is a placeholder (0.0 for forecast), InstCode indicates source.
YYYYMMDD hhmm  T.dec   UVI InstCode
20230101 1040  10.667   0.36 RIVM_PEAK
20230102 1219  12.317   0.25 RIVM_PEAK
20230104 1224  12.400   0.37 RIVM_PEAK
20230105 1139  11.650   0.52 RIVM_PEAK
20230106 1119  11.317   0.45 RIVM_PEAK
20230107 1148  11.800   0.54 RIVM_PEAK
20230108 1118  11.300   0.50 RIVM_PEAK
20230109 1108  11.133   0.41 RIVM_PEAK
20230110 1118  11.300   0.28 RIVM_PEAK
20230111 1127  11.450   0.54 RIVM_PEAK
20230112 1206  12.100   0.14 RIVM_PEAK
20230113 1125  11.417   0.33 RIVM_PEAK
20230114 1045  10.750   0.14 RIVM_PEAK
20230115 1144  11.733   0.39 RIVM_PEAK
20230116 1307  13.117   0.14 RIVM_PEAK
20230117 1152  11.867   0.45 RIVM_PEAK
20230118 1152  11.867   0.45 RIVM_PEAK
20230119 1121  11.350   0.46 RIVM_PEAK
20230120 1210  12.167   0.34 RIVM_PEAK
20230121 1221  12.350   0.50 RIVM_PEAK
20230122 1128  11.467   0.46 RIVM_PEAK
20230123 1127  11.450   0.64 RIVM_PEAK
20230124 1224  12.400   0.29 RIVM_PEAK
20230125 1239  12.650   0.18 RIVM_PEAK
20230126 1144  11.733   0.63 RIVM_PEAK
20230127 1002  10.033   0.52 RIVM_PEAK
20230128 1141  11.683   0.86 RIVM_PEAK
20230129 1305  13.083   0.51 RIVM_PEAK
20230130 1109  11.150   0.83 RIVM_PEAK
20230131 1242  12.700   0.72 RIVM_PEAK
20230201 1135  11.583   0.53 RIVM_PEAK
20230202 1123  11.383   0.42 RIVM_PEAK
20230203 1102  11.033   0.44 RIVM_PEAK
20230204 1150  11.833   0.87 RIVM_PEAK
20230205 1233  12.550   0.97 RIVM_PEAK
20230206 1231  12.517   1.13 RIVM_PEAK
20230207 1135  11.583   1.25 RIVM_PEAK
20230208 1156  11.933   1.11 RIVM_PEAK
20230210 1205  12.083   1.31 RIVM_PEAK
20230211 1058  10.967   1.24 RIVM_PEAK
20230212 1241  12.683   0.61 RIVM_PEAK
20230213 1148  11.800   1.78 RIVM_PEAK
20230214 1146  11.767   1.63 RIVM_PEAK
20230216 1215  12.250   1.26 RIVM_PEAK
20230217 1413  14.217   0.61 RIVM_PEAK
20230218 1240  12.667   1.10 RIVM_PEAK
20230219 1024  10.400   0.75 RIVM_PEAK
20230220 1134  11.567   0.52 RIVM_PEAK
20230221 1040  10.667   0.39 RIVM_PEAK
20230222 1118  11.300   0.83 RIVM_PEAK
20230223 1311  13.183   0.81 RIVM_PEAK
20230224 1249  12.817   1.05 RIVM_PEAK
20230225 1136  11.600   1.64 RIVM_PEAK
20230226 1134  11.567   1.65 RIVM_PEAK
20230227 1202  12.033   1.81 RIVM_PEAK
20230228 1149  11.817   1.82 RIVM_PEAK
20230301 1138  11.633   1.67 RIVM_PEAK
20230302 1145  11.750   1.66 RIVM_PEAK
20230303 1143  11.717   1.75 RIVM_PEAK
20230304 1300  13.000   1.57 RIVM_PEAK
20230305 1149  11.817   1.21 RIVM_PEAK
20230306 1216  12.267   1.36 RIVM_PEAK
20230307 1040  10.667   0.85 RIVM_PEAK
20230308 1047  10.783   1.27 RIVM_PEAK
20230309 1209  12.150   0.82 RIVM_PEAK
20230310 1401  14.017   0.31 RIVM_PEAK
20230311 1155  11.917   2.00 RIVM_PEAK
20230312 1357  13.950   1.33 RIVM_PEAK
20230313 1120  11.333   2.43 RIVM_PEAK
20230314 1238  12.633   2.35 RIVM_PEAK
20230315 1136  11.600   2.43 RIVM_PEAK
20230316 1254  12.900   2.25 RIVM_PEAK
20230317 1017  10.283   2.17 RIVM_PEAK
20230318 1026  10.433   2.19 RIVM_PEAK
20230319 1320  13.333   1.48 RIVM_PEAK
20230320 1032  10.533   1.47 RIVM_PEAK
20230321 1242  12.700   2.12 RIVM_PEAK
20230322 1100  11.000   1.26 RIVM_PEAK
20230323 1319  13.317   2.08 RIVM_PEAK
20230324 1057  10.950   3.12 RIVM_PEAK
20230325 1215  12.250   2.79 RIVM_PEAK
20230326 1242  12.700   2.12 RIVM_PEAK
20230327 1150  11.833   2.94 RIVM_PEAK
20230328 1127  11.450   3.23 RIVM_PEAK
20230329 1010  10.167   1.64 RIVM_PEAK
20230330 1327  13.450   2.66 RIVM_PEAK
20230331 1158  11.967   1.98 RIVM_PEAK
20230401 1117  11.283   2.20 RIVM_PEAK
20230402 1133  11.550   3.31 RIVM_PEAK
20230403 1121  11.350   3.28 RIVM_PEAK
20230404 1039  10.650   3.38 RIVM_PEAK
20230405 1136  11.600   3.34 RIVM_PEAK
20230406 0952  9.867   1.58 RIVM_PEAK
20230407 1142  11.700   1.82 RIVM_PEAK
20230408 1159  11.983   3.50 RIVM_PEAK
20230409 1108  11.133   3.67 RIVM_PEAK
20230410 1125  11.417   3.13 RIVM_PEAK
20230411 1122  11.367   3.67 RIVM_PEAK
20230412 1159  11.983   3.09 RIVM_PEAK
20230413 1301  13.017   3.00 RIVM_PEAK
20230414 1145  11.750   3.98 RIVM_PEAK
20230415 1215  12.250   3.80 RIVM_PEAK
20230416 1314  13.233   1.88 RIVM_PEAK
20230417 0958  9.967   3.28 RIVM_PEAK
20230418 1105  11.083   3.92 RIVM_PEAK
20230419 1123  11.383   4.18 RIVM_PEAK
20230420 1121  11.350   3.52 RIVM_PEAK
20230421 1149  11.817   3.18 RIVM_PEAK
20230422 1027  10.450   4.34 RIVM_PEAK
20230423 1015  10.250   3.59 RIVM_PEAK
20230424 1142  11.700   3.73 RIVM_PEAK
20230425 1140  11.667   4.61 RIVM_PEAK
20230426 1128  11.467   5.38 RIVM_PEAK
20230427 1126  11.433   5.09 RIVM_PEAK
20230428 1133  11.550   2.50 RIVM_PEAK
20230429 1112  11.200   5.30 RIVM_PEAK
20230430 1141  11.683   5.22 RIVM_PEAK
20230501 1342  13.700   3.41 RIVM_PEAK
20230502 1114  11.233   5.22 RIVM_PEAK
20230503 0923  9.383   3.80 RIVM_PEAK
20230504 1121  11.350   5.12 RIVM_PEAK
20230508 1138  11.633   4.69 RIVM_PEAK
20230509 1223  12.383   1.83 RIVM_PEAK
20230510 1200  12.000   4.09 RIVM_PEAK
20230511 0856  8.933   3.44 RIVM_PEAK
20230512 1023  10.383   5.20 RIVM_PEAK
20230513 1126  11.433   4.70 RIVM_PEAK
20230514 1204  12.067   4.92 RIVM_PEAK
20230515 1212  12.200   4.05 RIVM_PEAK
20230516 1016  10.267   4.56 RIVM_PEAK
20230517 1148  11.800   5.47 RIVM_PEAK
20230518 1136  11.600   4.56 RIVM_PEAK
20230519 1125  11.417   4.90 RIVM_PEAK
20230520 1101  11.017   5.39 RIVM_PEAK
20230522 1129  11.483   5.18 RIVM_PEAK
20230523 1211  12.183   5.70 RIVM_PEAK
20230524 1006  10.100   5.11 RIVM_PEAK
20230525 1209  12.150   5.07 RIVM_PEAK
20230526 1128  11.467   5.90 RIVM_PEAK
20230527 1136  11.600   5.87 RIVM_PEAK
20230528 1205  12.083   5.91 RIVM_PEAK
20230529 1134  11.567   5.92 RIVM_PEAK
20230530 1113  11.217   6.57 RIVM_PEAK
20230531 1143  11.717   6.20 RIVM_PEAK
20230601 1111  11.183   6.39 RIVM_PEAK
20230602 1319  13.317   4.91 RIVM_PEAK
20230603 1129  11.483   5.76 RIVM_PEAK
20230604 1127  11.450   5.28 RIVM_PEAK
20230605 1137  11.617   5.26 RIVM_PEAK
20230606 1126  11.433   5.58 RIVM_PEAK
20230607 1155  11.917   5.44 RIVM_PEAK
20230608 1135  11.583   5.62 RIVM_PEAK
20230609 1144  11.733   5.71 RIVM_PEAK
20230610 1123  11.383   5.88 RIVM_PEAK
20230611 1143  11.717   5.91 RIVM_PEAK
20230612 1114  11.233   5.99 RIVM_PEAK
20230613 1132  11.533   5.71 RIVM_PEAK
20230614 1122  11.367   5.96 RIVM_PEAK
20230615 1122  11.367   5.53 RIVM_PEAK
20230616 1142  11.700   5.41 RIVM_PEAK
20230617 1112  11.200   5.95 RIVM_PEAK
20230618 1132  11.533   3.18 RIVM_PEAK
20230619 1141  11.683   6.10 RIVM_PEAK
20230620 1212  12.200   6.50 RIVM_PEAK
20230621 1212  12.200   6.14 RIVM_PEAK
20230622 0838  8.633   3.79 RIVM_PEAK
20230623 1123  11.383   6.76 RIVM_PEAK
20230624 1153  11.883   7.23 RIVM_PEAK
20230625 1123  11.383   6.87 RIVM_PEAK
20230626 1203  12.050   6.27 RIVM_PEAK
20230627 1151  11.850   6.74 RIVM_PEAK
20230628 1151  11.850   4.96 RIVM_PEAK
20230629 1103  11.050   5.75 RIVM_PEAK
20230630 1053  10.883   5.73 RIVM_PEAK
20230701 1253  12.883   4.81 RIVM_PEAK
20230702 1125  11.417   7.00 RIVM_PEAK
20230703 1136  11.600   4.82 RIVM_PEAK
20230704 1226  12.433   5.79 RIVM_PEAK
20230705 1410  14.167   3.85 RIVM_PEAK
20230706 1218  12.300   5.69 RIVM_PEAK
20230707 1150  11.833   6.13 RIVM_PEAK
20230708 1150  11.833   6.05 RIVM_PEAK
20230709 1104  11.067   5.20 RIVM_PEAK
20230710 1203  12.050   6.26 RIVM_PEAK
20230711 1144  11.733   6.67 RIVM_PEAK
20230712 1206  12.100   6.07 RIVM_PEAK
20230713 1057  10.950   6.04 RIVM_PEAK
20230714 1258  12.967   6.18 RIVM_PEAK
20230715 1209  12.150   6.67 RIVM_PEAK
20230716 1151  11.850   6.51 RIVM_PEAK
20230717 1152  11.867   6.38 RIVM_PEAK
20230718 1144  11.733   6.17 RIVM_PEAK
20230719 1135  11.583   6.12 RIVM_PEAK
20230720 1157  11.950   6.03 RIVM_PEAK
20230721 1024  10.400   5.15 RIVM_PEAK
20230722 1006  10.100   3.12 RIVM_PEAK
20230723 1353  13.883   4.31 RIVM_PEAK
20230724 1111  11.183   4.92 RIVM_PEAK
20230725 1304  13.067   4.96 RIVM_PEAK
20230726 1146  11.767   5.61 RIVM_PEAK
20230727 1139  11.650   2.53 RIVM_PEAK
20230728 1140  11.667   5.46 RIVM_PEAK
20230729 1152  11.867   5.23 RIVM_PEAK
20230801 1112  11.200   5.98 RIVM_PEAK
20230802 1104  11.067   6.09 RIVM_PEAK
20230803 0957  9.950   4.34 RIVM_PEAK
20230804 1232  12.533   5.58 RIVM_PEAK
20230805 0921  9.350   3.77 RIVM_PEAK
20230806 1052  10.867   1.83 RIVM_PEAK
20230807 1227  12.450   5.31 RIVM_PEAK
20230808 1137  11.617   5.75 RIVM_PEAK
20230809 1151  11.850   5.96 RIVM_PEAK
20230810 0949  9.817   4.70 RIVM_PEAK
20230811 1142  11.700   5.89 RIVM_PEAK
20230812 1022  10.367   5.98 RIVM_PEAK
20230813 1159  11.983   4.69 RIVM_PEAK
20230814 1148  11.800   5.69 RIVM_PEAK
20230815 1311  13.183   4.39 RIVM_PEAK
20230816 1109  11.150   5.83 RIVM_PEAK
20230817 1012  10.200   4.56 RIVM_PEAK
20230818 0404  4.067   0.00 RIVM_PEAK
20230821 0546  5.767   0.00 RIVM_PEAK
20230823 0843  8.717   0.00 RIVM_PEAK
20230824 0415  4.250   0.00 RIVM_PEAK
20230825 1518  15.300   1.55 RIVM_PEAK
20230826 1128  11.467   5.29 RIVM_PEAK
20230827 1234  12.567   4.45 RIVM_PEAK
20230828 1042  10.700   5.18 RIVM_PEAK
20230829 1203  12.050   4.46 RIVM_PEAK
20230830 1036  10.600   4.24 RIVM_PEAK
20230831 1117  11.283   4.82 RIVM_PEAK
20230901 1222  12.367   2.10 RIVM_PEAK
20230902 1222  12.367   3.78 RIVM_PEAK
20230903 1122  11.367   4.57 RIVM_PEAK
20230904 1021  10.350   4.58 RIVM_PEAK
20230905 1112  11.200   5.33 RIVM_PEAK
20230906 1137  11.617   5.09 RIVM_PEAK
20230907 1129  11.483   4.81 RIVM_PEAK
20230908 1142  11.700   4.54 RIVM_PEAK
20230909 1133  11.550   4.23 RIVM_PEAK
20230910 1134  11.567   4.06 RIVM_PEAK
20230911 1125  11.417   4.35 RIVM_PEAK
20230912 1226  12.433   4.19 RIVM_PEAK
20230913 1240  12.667   3.89 RIVM_PEAK
20230919 1550  15.833   0.15 RIVM_PEAK
20230920 1101  11.017   4.13 RIVM_PEAK
20230921 1256  12.933   1.44 RIVM_PEAK
20230922 1146  11.767   2.86 RIVM_PEAK
20230923 1237  12.617   2.95 RIVM_PEAK
20230924 1139  11.650   3.62 RIVM_PEAK
20230925 1109  11.150   3.48 RIVM_PEAK
20230926 1111  11.183   3.66 RIVM_PEAK
20230927 1221  12.350   2.87 RIVM_PEAK
20230928 0950  9.833   1.56 RIVM_PEAK
20230929 1237  12.617   2.34 RIVM_PEAK
20230930 1058  10.967   2.62 RIVM_PEAK
20231001 1121  11.350   3.24 RIVM_PEAK
20231002 1113  11.217   2.66 RIVM_PEAK
20231003 0800  8.000   0.48 RIVM_PEAK
20231004 1038  10.633   1.59 RIVM_PEAK
20231006 1137  11.617   2.96 RIVM_PEAK
20231007 1130  11.500   2.95 RIVM_PEAK
20231008 1221  12.350   1.86 RIVM_PEAK
20231009 1053  10.883   1.73 RIVM_PEAK
20231010 1115  11.250   2.33 RIVM_PEAK
20231011 1136  11.600   1.80 RIVM_PEAK
20231012 1410  14.167   0.58 RIVM_PEAK
20231013 1030  10.500   1.52 RIVM_PEAK
20231014 1111  11.183   2.05 RIVM_PEAK
20231015 1143  11.717   1.97 RIVM_PEAK
20231016 1032  10.533   1.75 RIVM_PEAK
20231017 0548  5.800   0.00 RIVM_PEAK
20231018 0550  5.833   0.00 RIVM_PEAK
20231019 0551  5.850   0.00 RIVM_PEAK
20231020 0553  5.883   0.00 RIVM_PEAK
20231026 1327  13.450   0.63 RIVM_PEAK
20231027 1133  11.550   0.69 RIVM_PEAK
20231028 1225  12.417   0.93 RIVM_PEAK
20231029 1033  10.550   1.15 RIVM_PEAK
20231030 1025  10.417   1.04 RIVM_PEAK
20231031 1037  10.617   0.98 RIVM_PEAK
20231101 1040  10.667   0.87 RIVM_PEAK
20231102 1020  10.333   0.61 RIVM_PEAK
20231103 1031  10.517   0.97 RIVM_PEAK
20231104 1015  10.250   0.65 RIVM_PEAK
20231105 1254  12.900   0.65 RIVM_PEAK
20231106 0744  7.733   0.14 RIVM_PEAK
20231107 1453  14.883   0.08 RIVM_PEAK
20231108 1113  11.217   0.75 RIVM_PEAK
20231109 1235  12.583   0.46 RIVM_PEAK
20231110 1135  11.583   0.26 RIVM_PEAK
20231111 1107  11.117   0.80 RIVM_PEAK
20231112 1116  11.267   0.73 RIVM_PEAK
20231113 1315  13.250   0.43 RIVM_PEAK
20231114 0923  9.383   0.44 RIVM_PEAK
20231115 1223  12.383   0.00 RIVM_PEAK
20231116 1154  11.900   0.34 RIVM_PEAK
20231117 1205  12.083   0.54 RIVM_PEAK
20231118 1208  12.133   0.25 RIVM_PEAK
20231119 1053  10.883   0.71 RIVM_PEAK
20231120 1054  10.900   0.51 RIVM_PEAK
20231121 1250  12.833   0.40 RIVM_PEAK
20231122 1224  12.400   0.72 RIVM_PEAK
20231123 1143  11.717   0.69 RIVM_PEAK
20231124 1110  11.167   0.61 RIVM_PEAK
20231125 1124  11.400   0.61 RIVM_PEAK
20231126 1051  10.850   0.45 RIVM_PEAK
20231127 1250  12.833   0.23 RIVM_PEAK
20231128 1106  11.100   0.54 RIVM_PEAK
20231129 1131  11.517   0.37 RIVM_PEAK
20231130 1120  11.333   0.37 RIVM_PEAK
20231201 1255  12.917   0.36 RIVM_PEAK
20231202 1253  12.883   0.31 RIVM_PEAK
20231203 1021  10.350   0.42 RIVM_PEAK
20231204 1009  10.150   0.26 RIVM_PEAK
20231205 1136  11.600   0.16 RIVM_PEAK
20231206 1159  11.983   0.46 RIVM_PEAK
20231207 1127  11.450   0.23 RIVM_PEAK
20231208 1057  10.950   0.18 RIVM_PEAK
20231209 1037  10.617   0.24 RIVM_PEAK
20231210 0710  7.167   0.00 RIVM_PEAK
20231211 0711  7.183   0.00 RIVM_PEAK
20231213 1346  13.767   0.00 RIVM_PEAK
20231214 1124  11.400   0.46 RIVM_PEAK
20231215 1153  11.883   0.32 RIVM_PEAK
20231216 0956  9.933   0.19 RIVM_PEAK
20231218 1107  11.117   0.27 RIVM_PEAK
20231219 1043  10.717   0.12 RIVM_PEAK
20231220 1251  12.850   0.22 RIVM_PEAK
20231221 1151  11.850   0.34 RIVM_PEAK
20231222 0719  7.317   0.00 RIVM_PEAK
20231223 0720  7.333   0.00 RIVM_PEAK
20231224 0720  7.333   0.00 RIVM_PEAK
20231225 0720  7.333   0.00 RIVM_PEAK
20231226 0721  7.350   0.00 RIVM_PEAK
20231227 0721  7.350   0.00 RIVM_PEAK
20231228 0721  7.350   0.00 RIVM_PEAK
20231229 0722  7.367   0.00 RIVM_PEAK
20231230 0722  7.367   0.00 RIVM_PEAK
20231231 0722  7.367   0.00 RIVM_PEAK
20240110 1345  13.750   0.27 RIVM_PEAK
20240111 0924  9.400   0.22 RIVM_PEAK
20240112 1233  12.550   0.34 RIVM_PEAK
20240115 1157  11.950   0.39 RIVM_PEAK
20240116 0715  7.250   0.00 RIVM_PEAK
20240117 0714  7.233   0.00 RIVM_PEAK
20240118 1158  11.967   0.53 RIVM_PEAK
20240119 1133  11.550   0.48 RIVM_PEAK
20240122 1143  11.717   0.53 RIVM_PEAK
20240123 1213  12.217   0.60 RIVM_PEAK
20240124 1106  11.100   0.52 RIVM_PEAK
20240125 1043  10.717   0.37 RIVM_PEAK
20240126 1126  11.433   0.58 RIVM_PEAK
20240127 1136  11.600   0.62 RIVM_PEAK
20240128 1135  11.583   0.65 RIVM_PEAK
20240129 1133  11.550   0.59 RIVM_PEAK
20240130 1059  10.983   0.47 RIVM_PEAK
20240131 1108  11.133   0.27 RIVM_PEAK
20240201 1151  11.850   0.70 RIVM_PEAK
20240202 1022  10.367   0.36 RIVM_PEAK
20240203 1053  10.883   0.44 RIVM_PEAK
20240204 1232  12.533   0.34 RIVM_PEAK
20240205 1231  12.517   0.54 RIVM_PEAK
20240206 1049  10.817   0.51 RIVM_PEAK
20240207 1416  14.267   0.22 RIVM_PEAK
20240208 0841  8.683   0.14 RIVM_PEAK
20240209 1032  10.533   0.58 RIVM_PEAK
20240210 1209  12.150   0.71 RIVM_PEAK
20240211 1221  12.350   0.61 RIVM_PEAK
20240212 1307  13.117   0.63 RIVM_PEAK
20240213 1154  11.900   0.90 RIVM_PEAK
20240214 1037  10.617   0.31 RIVM_PEAK
20240215 1252  12.867   0.98 RIVM_PEAK
20240216 1235  12.583   0.63 RIVM_PEAK
20240217 1102  11.033   0.77 RIVM_PEAK
20240218 1059  10.983   0.29 RIVM_PEAK
20240219 1109  11.150   0.66 RIVM_PEAK
20240220 1203  12.050   0.99 RIVM_PEAK
20240221 1201  12.017   0.83 RIVM_PEAK
20240222 0957  9.950   0.85 RIVM_PEAK
20240223 1111  11.183   0.65 RIVM_PEAK
20240226 1236  12.600   0.52 RIVM_PEAK
20240227 1149  11.817   1.44 RIVM_PEAK
20240228 1257  12.950   0.94 RIVM_PEAK
20240229 1241  12.683   0.52 RIVM_PEAK
20240301 1143  11.717   1.51 RIVM_PEAK
20240302 1140  11.667   1.40 RIVM_PEAK
20240303 1150  11.833   1.46 RIVM_PEAK
20240304 1148  11.800   1.57 RIVM_PEAK
20240305 1110  11.167   0.47 RIVM_PEAK
20240306 1144  11.733   1.67 RIVM_PEAK
20240307 1226  12.433   1.79 RIVM_PEAK
20240308 1140  11.667   1.87 RIVM_PEAK
20240309 1101  11.017   1.80 RIVM_PEAK
20240310 1219  12.317   1.71 RIVM_PEAK
20240311 1046  10.767   0.36 RIVM_PEAK
20240312 1118  11.300   1.78 RIVM_PEAK
20240313 1019  10.317   0.95 RIVM_PEAK
20240314 1126  11.433   3.06 RIVM_PEAK
20240315 1240  12.667   1.69 RIVM_PEAK
20240316 1333  13.550   1.84 RIVM_PEAK
20240317 1053  10.883   1.93 RIVM_PEAK
20240318 1117  11.283   2.29 RIVM_PEAK
20240319 1158  11.967   2.56 RIVM_PEAK
20240320 1228  12.467   2.34 RIVM_PEAK
20240321 1132  11.533   1.99 RIVM_PEAK
20240322 1307  13.117   1.01 RIVM_PEAK
20240323 1127  11.450   2.66 RIVM_PEAK
20240324 1146  11.767   2.27 RIVM_PEAK
20240325 1209  12.150   2.73 RIVM_PEAK
20240326 1226  12.433   1.64 RIVM_PEAK
20240327 1256  12.933   2.28 RIVM_PEAK
20240328 1305  13.083   2.13 RIVM_PEAK
20240329 1134  11.567   2.41 RIVM_PEAK
20240330 1048  10.800   1.11 RIVM_PEAK
20240331 1141  11.683   2.50 RIVM_PEAK
20240401 1222  12.367   1.24 RIVM_PEAK
20240402 1158  11.967   2.30 RIVM_PEAK
20240403 1337  13.617   2.03 RIVM_PEAK
20240404 1109  11.150   3.01 RIVM_PEAK
20240405 1246  12.767   2.67 RIVM_PEAK
20240406 1126  11.433   3.21 RIVM_PEAK
20240407 1124  11.400   3.38 RIVM_PEAK
20240408 1143  11.717   3.59 RIVM_PEAK
20240409 1012  10.200   1.84 RIVM_PEAK
20240410 1150  11.833   3.72 RIVM_PEAK
20240411 1209  12.150   1.35 RIVM_PEAK
20240412 1145  11.750   4.44 RIVM_PEAK
20240413 1227  12.450   4.37 RIVM_PEAK
20240414 1118  11.300   3.97 RIVM_PEAK
20240415 1127  11.450   1.58 RIVM_PEAK
20240416 1125  11.417   2.90 RIVM_PEAK
20240417 1326  13.433   2.58 RIVM_PEAK
20240418 1204  12.067   3.91 RIVM_PEAK
20240419 1127  11.450   3.13 RIVM_PEAK
20240420 1127  11.450   4.13 RIVM_PEAK
20240421 1103  11.050   3.30 RIVM_PEAK
20240422 1206  12.100   3.41 RIVM_PEAK
20240423 1109  11.150   4.03 RIVM_PEAK
20240424 1107  11.117   3.72 RIVM_PEAK
20240425 1221  12.350   3.35 RIVM_PEAK
20240426 1219  12.317   3.82 RIVM_PEAK
20240427 1242  12.700   3.40 RIVM_PEAK
20240428 0929  9.483   2.97 RIVM_PEAK
20240429 1140  11.667   3.94 RIVM_PEAK
20240430 1149  11.817   4.12 RIVM_PEAK
20240501 1147  11.783   3.93 RIVM_PEAK
20240502 1112  11.200   4.16 RIVM_PEAK
20240503 1324  13.400   1.21 RIVM_PEAK
20240504 0929  9.483   3.26 RIVM_PEAK
20240505 1044  10.733   4.32 RIVM_PEAK
20240506 1103  11.050   4.30 RIVM_PEAK
20240507 1156  11.933   4.56 RIVM_PEAK
20240508 1207  12.117   2.87 RIVM_PEAK
20240509 1003  10.050   4.73 RIVM_PEAK
20240510 1140  11.667   4.82 RIVM_PEAK
20240511 1138  11.633   5.38 RIVM_PEAK
20240512 1147  11.783   5.10 RIVM_PEAK
20240513 1123  11.383   5.12 RIVM_PEAK
20240514 1143  11.717   4.99 RIVM_PEAK
20240515 1058  10.967   4.17 RIVM_PEAK
20240516 1129  11.483   4.89 RIVM_PEAK
20240517 1032  10.533   4.26 RIVM_PEAK
20240518 1126  11.433   4.52 RIVM_PEAK
20240519 1148  11.800   4.53 RIVM_PEAK
20240520 1134  11.567   4.45 RIVM_PEAK
20240521 1016  10.267   3.77 RIVM_PEAK
20240522 1102  11.033   3.96 RIVM_PEAK
20240523 1142  11.700   5.46 RIVM_PEAK
20240524 1106  11.100   2.17 RIVM_PEAK
20240525 1115  11.250   4.34 RIVM_PEAK
20240526 1246  12.767   3.40 RIVM_PEAK
20240527 1124  11.400   5.29 RIVM_PEAK
20240528 1050  10.833   5.17 RIVM_PEAK
20240529 1037  10.617   5.31 RIVM_PEAK
20240530 1109  11.150   4.86 RIVM_PEAK
20240531 1119  11.317   4.92 RIVM_PEAK
20240602 1226  12.433   5.10 RIVM_PEAK
20240603 1106  11.100   4.87 RIVM_PEAK
20240604 1129  11.483   4.53 RIVM_PEAK
20240605 1140  11.667   5.37 RIVM_PEAK
20240606 1103  11.050   4.49 RIVM_PEAK
20240607 1041  10.683   4.38 RIVM_PEAK
20240608 1201  12.017   5.30 RIVM_PEAK
20240609 1112  11.200   5.79 RIVM_PEAK
20240610 1221  12.350   4.18 RIVM_PEAK
20240611 1147  11.783   4.75 RIVM_PEAK
20240612 1136  11.600   4.70 RIVM_PEAK
20240613 1209  12.150   4.68 RIVM_PEAK
20240614 1422  14.367   3.21 RIVM_PEAK
20240615 1100  11.000   5.72 RIVM_PEAK
20240616 1111  11.183   3.89 RIVM_PEAK
20240617 1157  11.950   5.38 RIVM_PEAK
20240618 1005  10.083   1.67 RIVM_PEAK
20240619 1146  11.767   5.30 RIVM_PEAK
20240620 1049  10.817   4.57 RIVM_PEAK
20240621 0943  9.717   4.24 RIVM_PEAK
20240622 1136  11.600   5.95 RIVM_PEAK
20240623 1210  12.167   6.87 RIVM_PEAK
20240624 1112  11.200   7.09 RIVM_PEAK
20240625 1159  11.983   6.56 RIVM_PEAK
20240626 1102  11.033   6.30 RIVM_PEAK
20240627 1127  11.450   6.11 RIVM_PEAK
20240628 1318  13.300   5.08 RIVM_PEAK
20240629 1127  11.450   6.33 RIVM_PEAK
20240630 1140  11.667   6.32 RIVM_PEAK
20240701 1054  10.900   5.14 RIVM_PEAK
20240702 1321  13.350   3.77 RIVM_PEAK
20240703 1249  12.817   5.36 RIVM_PEAK
20240704 1119  11.317   6.07 RIVM_PEAK
20240705 1014  10.233   2.70 RIVM_PEAK
20240706 1252  12.867   5.07 RIVM_PEAK
20240707 1005  10.083   4.35 RIVM_PEAK
20240708 1102  11.033   6.34 RIVM_PEAK
20240709 1102  11.033   6.09 RIVM_PEAK
20240710 1201  12.017   6.10 RIVM_PEAK
20240711 1247  12.783   3.99 RIVM_PEAK
20240712 1354  13.900   2.15 RIVM_PEAK
20240713 1250  12.833   4.31 RIVM_PEAK
20240714 1229  12.483   5.48 RIVM_PEAK
20240715 1252  12.867   5.90 RIVM_PEAK
20240716 1122  11.367   5.23 RIVM_PEAK
20240717 1051  10.850   5.20 RIVM_PEAK
20240718 1115  11.250   5.77 RIVM_PEAK
20240719 1032  10.533   6.17 RIVM_PEAK
20240720 1129  11.483   5.63 RIVM_PEAK
20240721 1002  10.033   3.95 RIVM_PEAK
20240722 1219  12.317   6.09 RIVM_PEAK
20240723 1122  11.367   5.29 RIVM_PEAK
20240724 1040  10.667   4.88 RIVM_PEAK
20240725 1246  12.767   4.32 RIVM_PEAK
20240726 1138  11.633   5.34 RIVM_PEAK
20240727 1013  10.217   4.34 RIVM_PEAK
20240728 1153  11.883   5.21 RIVM_PEAK
20240729 1154  11.900   5.58 RIVM_PEAK
20240730 1209  12.150   5.39 RIVM_PEAK
20240731 1125  11.417   5.00 RIVM_PEAK
20240801 1138  11.633   2.88 RIVM_PEAK
20240802 1129  11.483   5.52 RIVM_PEAK
20240803 1014  10.233   4.24 RIVM_PEAK
20240804 1205  12.083   3.62 RIVM_PEAK
20240805 1134  11.567   5.92 RIVM_PEAK
20240806 1157  11.950   5.25 RIVM_PEAK
20240807 1115  11.250   4.81 RIVM_PEAK
20240808 1150  11.833   5.32 RIVM_PEAK
20240809 1202  12.033   5.22 RIVM_PEAK
20240810 1204  12.067   5.63 RIVM_PEAK
20240811 1112  11.200   5.50 RIVM_PEAK
20240812 1135  11.583   5.65 RIVM_PEAK
20240813 1159  11.983   4.96 RIVM_PEAK
20240814 1112  11.200   3.20 RIVM_PEAK
20240815 1108  11.133   5.49 RIVM_PEAK
20240816 1215  12.250   4.75 RIVM_PEAK
20240817 1100  11.000   4.58 RIVM_PEAK
20240818 1102  11.033   3.41 RIVM_PEAK
20240819 1126  11.433   3.67 RIVM_PEAK
20240820 1211  12.183   4.48 RIVM_PEAK
20240821 1058  10.967   4.75 RIVM_PEAK
20240822 1142  11.700   4.46 RIVM_PEAK
20240823 1239  12.650   4.49 RIVM_PEAK
20240824 1135  11.583   4.82 RIVM_PEAK
20240825 1210  12.167   3.98 RIVM_PEAK
20240826 1127  11.450   3.95 RIVM_PEAK
20240827 1147  11.783   4.44 RIVM_PEAK
20240828 1116  11.267   4.39 RIVM_PEAK
20240829 1045  10.750   4.17 RIVM_PEAK
20240830 1143  11.717   4.31 RIVM_PEAK
20240831 1122  11.367   4.04 RIVM_PEAK
20240901 1125  11.417   3.94 RIVM_PEAK
20240902 1137  11.617   4.08 RIVM_PEAK
20240903 1119  11.317   2.76 RIVM_PEAK
20240904 1214  12.233   4.29 RIVM_PEAK
20240905 1144  11.733   3.80 RIVM_PEAK
20240906 1145  11.750   3.68 RIVM_PEAK
20240907 1103  11.050   4.30 RIVM_PEAK
20240908 1124  11.400   4.15 RIVM_PEAK
20240909 1044  10.733   3.61 RIVM_PEAK
20240910 1045  10.750   2.37 RIVM_PEAK
20240911 1142  11.700   3.46 RIVM_PEAK
20240912 1607  16.117   0.41 RIVM_PEAK
20240913 1206  12.100   2.98 RIVM_PEAK
20240914 1135  11.583   3.44 RIVM_PEAK
20240915 1053  10.883   3.32 RIVM_PEAK
20240916 1149  11.817   3.50 RIVM_PEAK
20240917 1201  12.017   3.51 RIVM_PEAK
20240918 1204  12.067   2.78 RIVM_PEAK
20240919 1133  11.550   2.82 RIVM_PEAK
20240920 1123  11.383   2.90 RIVM_PEAK
20240921 1116  11.267   2.93 RIVM_PEAK
20240922 1148  11.800   3.04 RIVM_PEAK
20240923 1140  11.667   2.77 RIVM_PEAK
20240924 1143  11.717   2.45 RIVM_PEAK
20240925 1154  11.900   2.79 RIVM_PEAK
20240926 1058  10.967   2.75 RIVM_PEAK
20240927 0939  9.650   1.16 RIVM_PEAK
20240930 1139  11.650   0.96 RIVM_PEAK
20241001 1019  10.317   0.81 RIVM_PEAK
20241002 1234  12.567   0.84 RIVM_PEAK
20241003 1134  11.567   2.34 RIVM_PEAK
20241004 1135  11.583   2.37 RIVM_PEAK
20241005 1114  11.233   2.44 RIVM_PEAK
20241006 1200  12.000   2.48 RIVM_PEAK
20241007 1049  10.817   2.12 RIVM_PEAK
20241008 0957  9.950   1.71 RIVM_PEAK
20241009 1019  10.317   1.14 RIVM_PEAK
20241011 1147  11.783   1.78 RIVM_PEAK
20241012 1125  11.417   1.27 RIVM_PEAK
20241013 1101  11.017   1.74 RIVM_PEAK
20241014 1322  13.367   1.13 RIVM_PEAK
20241015 1114  11.233   1.75 RIVM_PEAK
20241016 1144  11.733   2.06 RIVM_PEAK
20241017 1107  11.117   1.39 RIVM_PEAK
20241018 1256  12.933   0.95 RIVM_PEAK
20241019 1005  10.083   1.29 RIVM_PEAK
20241020 1226  12.433   1.54 RIVM_PEAK
20241021 1041  10.683   0.87 RIVM_PEAK
20241022 1103  11.050   1.54 RIVM_PEAK
20241023 1252  12.867   1.15 RIVM_PEAK
20241024 1135  11.583   1.52 RIVM_PEAK
20241025 1120  11.333   1.39 RIVM_PEAK
20241026 1049  10.817   1.37 RIVM_PEAK
20241027 1134  11.567   1.34 RIVM_PEAK
20241028 1138  11.633   0.80 RIVM_PEAK
20241029 1034  10.567   0.56 RIVM_PEAK
20241030 1108  11.133   0.87 RIVM_PEAK
20241031 1121  11.350   0.90 RIVM_PEAK
20241101 1133  11.550   0.37 RIVM_PEAK
20241102 1201  12.017   1.17 RIVM_PEAK
20241103 1125  11.417   1.16 RIVM_PEAK
20241104 1104  11.067   1.13 RIVM_PEAK
20241105 1106  11.100   1.03 RIVM_PEAK
20241106 1131  11.517   0.58 RIVM_PEAK
20241107 1111  11.183   0.31 RIVM_PEAK
20241108 1102  11.033   0.25 RIVM_PEAK
20241109 1136  11.600   0.33 RIVM_PEAK
20241110 1043  10.717   0.45 RIVM_PEAK
20241111 1149  11.817   0.73 RIVM_PEAK
20241112 1119  11.317   0.79 RIVM_PEAK
20241113 1057  10.950   0.75 RIVM_PEAK
20241115 1029  10.483   0.54 RIVM_PEAK
20241116 1148  11.800   0.42 RIVM_PEAK
20241117 1106  11.100   0.71 RIVM_PEAK
20241118 1118  11.300   0.65 RIVM_PEAK
20241119 1256  12.933   0.29 RIVM_PEAK
20241120 1234  12.567   0.29 RIVM_PEAK
20241121 1112  11.200   0.59 RIVM_PEAK
20241122 1030  10.500   0.45 RIVM_PEAK
20241123 1031  10.517   0.32 RIVM_PEAK
20241124 1117  11.283   0.64 RIVM_PEAK
20241125 1213  12.217   0.31 RIVM_PEAK
20241126 1047  10.783   0.55 RIVM_PEAK
20241127 1204  12.067   0.18 RIVM_PEAK
20241128 1101  11.017   0.53 RIVM_PEAK
20241129 1124  11.400   0.54 RIVM_PEAK
20241130 1113  11.217   0.53 RIVM_PEAK
20241201 1147  11.783   0.53 RIVM_PEAK
20241202 1022  10.367   0.35 RIVM_PEAK
20241203 1129  11.483   0.44 RIVM_PEAK
20241204 1002  10.033   0.26 RIVM_PEAK
20241205 1059  10.983   0.13 RIVM_PEAK
20241206 1220  12.333   0.39 RIVM_PEAK
20241207 1111  11.183   0.41 RIVM_PEAK
20241208 1051  10.850   0.25 RIVM_PEAK
20241209 1103  11.050   0.22 RIVM_PEAK
20241210 1126  11.433   0.12 RIVM_PEAK
20241211 1127  11.450   0.15 RIVM_PEAK
20241212 1150  11.833   0.27 RIVM_PEAK
20241213 1118  11.300   0.16 RIVM_PEAK
20241214 1108  11.133   0.26 RIVM_PEAK
20241215 1058  10.967   0.15 RIVM_PEAK
20241216 1048  10.800   0.17 RIVM_PEAK
20241217 1205  12.083   0.29 RIVM_PEAK
20241218 1003  10.050   0.15 RIVM_PEAK
20241219 1122  11.367   0.19 RIVM_PEAK
20241220 1059  10.983   0.38 RIVM_PEAK
20241221 1017  10.283   0.26 RIVM_PEAK
20241222 1208  12.133   0.31 RIVM_PEAK
20241223 1123  11.383   0.40 RIVM_PEAK
20241224 1124  11.400   0.17 RIVM_PEAK
20241225 1019  10.317   0.19 RIVM_PEAK
20241226 1209  12.150   0.21 RIVM_PEAK
20241227 1219  12.317   0.46 RIVM_PEAK
20241228 1232  12.533   0.31 RIVM_PEAK
20241229 1148  11.800   0.13 RIVM_PEAK
YYYYMMDD hhmm  T.dec   UVI InstCode
20250102 1135  11.583  0.42 RIVM_NLB_PEAK
20250103 1158  11.967  0.32 RIVM_NLB_PEAK
20250104 1114  11.233  0.26 RIVM_NLB_PEAK
20250105 1041  10.683  0.10 RIVM_NLB_PEAK
20250106 1052  10.867  0.39 RIVM_NLB_PEAK
20250107 1135  11.583  0.37 RIVM_NLB_PEAK
20250108 1111  11.183  0.39 RIVM_NLB_PEAK
20250109 1123  11.383  0.41 RIVM_NLB_PEAK
20250110 1133  11.550  0.47 RIVM_NLB_PEAK
20250113 1145  11.750  0.59 RIVM_NLB_PEAK
20250114 1204  12.067  0.58 RIVM_NLB_PEAK
20250115 1214  12.233  0.37 RIVM_NLB_PEAK
20250116 1152  11.867  0.24 RIVM_NLB_PEAK
20250118 1055  10.917  0.35 RIVM_NLB_PEAK
20250119 1244  12.733  0.21 RIVM_NLB_PEAK
20250120 1210  12.167  0.19 RIVM_NLB_PEAK
20250121 1158  11.967  0.26 RIVM_NLB_PEAK
20250122 1051  10.850  0.38 RIVM_NLB_PEAK
20250123 1229  12.483  0.52 RIVM_NLB_PEAK
20250124 1206  12.100  0.18 RIVM_NLB_PEAK
20250125 1026  10.433  0.41 RIVM_NLB_PEAK
20250126 1151  11.850  0.60 RIVM_NLB_PEAK
20250127 1200  12.000  0.64 RIVM_NLB_PEAK
20250128 1055  10.917  0.39 RIVM_NLB_PEAK
20250129 1043  10.717  0.40 RIVM_NLB_PEAK
20250130 1249  12.817  0.37 RIVM_NLB_PEAK
20250131 1133  11.550  0.68 RIVM_NLB_PEAK
20250201 1143  11.717  0.83 RIVM_NLB_PEAK
20250202 1203  12.050  0.88 RIVM_NLB_PEAK
20250203 1140  11.667  0.88 RIVM_NLB_PEAK
20250204 1254  12.900  0.43 RIVM_NLB_PEAK
20250205 1127  11.450  0.73 RIVM_NLB_PEAK
20250206 1210  12.167  0.77 RIVM_NLB_PEAK
20250207 0945   9.750  0.30 RIVM_NLB_PEAK
20250208 1100  11.000  0.74 RIVM_NLB_PEAK
20250209 1232  12.533  0.63 RIVM_NLB_PEAK
20250210 1203  12.050  0.67 RIVM_NLB_PEAK
20250211 1128  11.467  0.22 RIVM_NLB_PEAK
20250212 1148  11.800  0.59 RIVM_NLB_PEAK
20250213 1135  11.583  0.90 RIVM_NLB_PEAK
20250214 0852   8.867  0.35 RIVM_NLB_PEAK
20250215 1121  11.350  0.97 RIVM_NLB_PEAK
20250216 1201  12.017  1.12 RIVM_NLB_PEAK
20250217 1148  11.800  1.23 RIVM_NLB_PEAK
20250218 1146  11.767  1.15 RIVM_NLB_PEAK
20250219 1133  11.550  0.90 RIVM_NLB_PEAK
20250220 1027  10.450  0.82 RIVM_NLB_PEAK
20250221 1118  11.300  1.22 RIVM_NLB_PEAK
20250224 0946   9.767  0.47 RIVM_NLB_PEAK
20250225 1215  12.250  0.96 RIVM_NLB_PEAK
20250226 1119  11.317  1.22 RIVM_NLB_PEAK
20250227 1211  12.183  1.34 RIVM_NLB_PEAK
20250228 1055  10.917  1.12 RIVM_NLB_PEAK
20250301 1216  12.267  2.32 RIVM_NLB_PEAK
20250302 1201  12.017  2.19 RIVM_NLB_PEAK
20250303 1131  11.517  2.25 RIVM_NLB_PEAK
20250304 1145  11.750  2.00 RIVM_NLB_PEAK
20250305 1143  11.717  2.30 RIVM_NLB_PEAK
20250306 1237  12.617  2.04 RIVM_NLB_PEAK
20250307 1151  11.850  2.33 RIVM_NLB_PEAK
20250308 1136  11.600  2.20 RIVM_NLB_PEAK
20250309 1157  11.950  1.89 RIVM_NLB_PEAK
20250310 1155  11.917  1.94 RIVM_NLB_PEAK
20250311 1301  13.017  2.16 RIVM_NLB_PEAK
20250312 1214  12.233  2.61 RIVM_NLB_PEAK
20250313 1205  12.083  1.97 RIVM_NLB_PEAK
20250314 1151  11.850  3.18 RIVM_NLB_PEAK
20250315 1201  12.017  2.67 RIVM_NLB_PEAK
20250316 1145  11.750  3.47 RIVM_NLB_PEAK
20250317 1207  12.117  3.32 RIVM_NLB_PEAK
20250318 1153  11.883  3.42 RIVM_NLB_PEAK
20250319 1129  11.483  2.98 RIVM_NLB_PEAK
20250320 1119  11.317  2.49 RIVM_NLB_PEAK
20250321 1137  11.617  2.79 RIVM_NLB_PEAK
20250322 1104  11.067  2.55 RIVM_NLB_PEAK
20250323 1302  13.033  2.58 RIVM_NLB_PEAK
20250324 1150  11.833  3.19 RIVM_NLB_PEAK
20250325 1216  12.267  3.50 RIVM_NLB_PEAK
20250326 1236  12.600  2.32 RIVM_NLB_PEAK
20250327 1126  11.433  3.64 RIVM_NLB_PEAK
20250328 1159  11.983  3.36 RIVM_NLB_PEAK
20250329 1248  12.800  2.92 RIVM_NLB_PEAK
20250330 1255  12.917  3.43 RIVM_NLB_PEAK
20250331 1133  11.550  4.09 RIVM_NLB_PEAK
20250401 1147  11.783  3.80 RIVM_NLB_PEAK
20250402 1134  11.567  3.17 RIVM_NLB_PEAK
20250403 1131  11.517  2.80 RIVM_NLB_PEAK
20250404 1140  11.667  2.95 RIVM_NLB_PEAK
20250405 1126  11.433  3.37 RIVM_NLB_PEAK
20250406 1135  11.583  3.53 RIVM_NLB_PEAK
20250407 1122  11.367  3.40 RIVM_NLB_PEAK
20250408 1120  11.333  3.23 RIVM_NLB_PEAK
20250409 1152  11.867  3.24 RIVM_NLB_PEAK
20250410 1117  11.283  3.46 RIVM_NLB_PEAK
20250411 1123  11.383  3.30 RIVM_NLB_PEAK
20250412 1132  11.533  3.36 RIVM_NLB_PEAK
20250413 1131  11.517  3.08 RIVM_NLB_PEAK
20250414 1212  12.200  3.52 RIVM_NLB_PEAK
20250415 1125  11.417  3.64 RIVM_NLB_PEAK
20250416 1137  11.617  2.76 RIVM_NLB_PEAK
20250417 1027  10.450  1.81 RIVM_NLB_PEAK
20250418 1204  12.067  4.15 RIVM_NLB_PEAK
20250419 1054  10.900  3.99 RIVM_NLB_PEAK
20250420 1136  11.600  4.21 RIVM_NLB_PEAK
20250421 1018  10.300  2.46 RIVM_NLB_PEAK
20250422 1155  11.917  4.18 RIVM_NLB_PEAK
20250423 0921   9.350  1.58 RIVM_NLB_PEAK
20250424 1234  12.567  1.95 RIVM_NLB_PEAK
20250425 1137  11.617  4.24 RIVM_NLB_PEAK
20250426 1146  11.767  4.55 RIVM_NLB_PEAK
20250427 1143  11.717  4.20 RIVM_NLB_PEAK
20250428 1137  11.617  5.01 RIVM_NLB_PEAK
20250429 1123  11.383  5.47 RIVM_NLB_PEAK
20250430 1131  11.517  5.29 RIVM_NLB_PEAK
20250501 1138  11.633  5.13 RIVM_NLB_PEAK
20250502 1153  11.883  4.68 RIVM_NLB_PEAK
20250503 1129  11.483  4.80 RIVM_NLB_PEAK
20250504 1149  11.817  4.18 RIVM_NLB_PEAK
20250505 1125  11.417  4.10 RIVM_NLB_PEAK
20250506 1112  11.200  3.81 RIVM_NLB_PEAK
20250507 1110  11.167  4.44 RIVM_NLB_PEAK
20250508 1046  10.767  3.89 RIVM_NLB_PEAK
20250509 1202  12.033  4.73 RIVM_NLB_PEAK
20250510 1141  11.683  4.64 RIVM_NLB_PEAK
20250511 1129  11.483  4.72 RIVM_NLB_PEAK
20250512 1127  11.450  4.87 RIVM_NLB_PEAK
20250513 1131  11.517  4.73 RIVM_NLB_PEAK
20250514 1142  11.700  5.00 RIVM_NLB_PEAK
20250515 1111  11.183  5.27 RIVM_NLB_PEAK
20250516 1116  11.267  5.03 RIVM_NLB_PEAK
20250517 1125  11.417  5.05 RIVM_NLB_PEAK
20250518 1147  11.783  5.39 RIVM_NLB_PEAK
20250519 1123  11.383  4.95 RIVM_NLB_PEAK
20250520 1110  11.167  4.97 RIVM_NLB_PEAK
20250521 1119  11.317  4.20 RIVM_NLB_PEAK
20250522 1209  12.150  5.03 RIVM_NLB_PEAK
20250523 0948   9.800  4.53 RIVM_NLB_PEAK
20250524 0937   9.617  2.33 RIVM_NLB_PEAK
20250525 1020  10.333  5.13 RIVM_NLB_PEAK
20250526 1134  11.567  5.65 RIVM_NLB_PEAK
20250527 1152  11.867  5.50 RIVM_NLB_PEAK
20250528 1134  11.567  4.62 RIVM_NLB_PEAK
20250529 1201  12.017  4.18 RIVM_NLB_PEAK
20250530 1159  11.983  6.56 RIVM_NLB_PEAK
20250531 1219  12.317  5.79 RIVM_NLB_PEAK
20250601 0939   9.650  3.46 RIVM_NLB_PEAK
20250602 1207  12.117  5.17 RIVM_NLB_PEAK
20250603 1200  0.0   6.07 TEMIS_FCST
20250604 1200  0.0   5.22 TEMIS_FCST
20250605 1200  0.0   5.66 TEMIS_FCST
20250606 1200  0.0   5.79 TEMIS_FCST
20250607 1200  0.0   5.47 TEMIS_FCST
20250608 1200  0.0   5.52 TEMIS_FCST
20250609 1200  0.0   5.81 TEMIS_FCST
20250610 1200  0.0   6.45 TEMIS_FCST
20250611 1200  0.0   6.98 TEMIS_FCST
